qps	active qps	succRate	NumSucc	TimedOutQueries	L0	L1	L2	Early	DropF	DropS	DropE	AvgSuccLatency	LSucc50	LSucc90	LSucc95	LSucc99	LSucc99.9	LSucc99.99	LSuccPeak	QryResults	QryNoResults	ETQ	WorkingSet	WorkingSetPeak	SSDReadsPerSec	SSDQueueLength	CPU Usage
9000	8999.975	100	400000	0	93628788	24345227	1498699	0	0	0	0	0.007573	0.006082	0.014649	0.017364	0.023732	0.04388	0.10892	0.304593	327291	72709	0	1.04E+11	1.04E+11	51648.84945	9.128382687	74.970812
9100	9099.984	100	400000	0	93628762	24345219	1498698	0	0	0	0	0.007722	0.006202	0.014937	0.017692	0.024105	0.044843	0.11078	0.327558	327290	72710	0	1.04E+11	1.04E+11	52670.9721	9.350681358	78.61041724
9200	9199.98	100	400000	0	93628759	24345215	1498697	0	0	0	0	0.007839	0.006305	0.015137	0.017972	0.024582	0.045726	0.10997	0.318269	327289	72711	0	1.04E+11	1.04E+11	52625.11862	9.341974968	78.52870914
9300	9299.983	100	400000	0	93628754	24345215	1498697	0	0	0	0	0.008035	0.006466	0.015519	0.018407	0.025362	0.046652	0.112393	0.317039	327290	72710	0	1.04E+11	1.04E+11	52186.85633	9.378721175	81.17916659
9400	9398.99	99.9895	399958	0	93623879	24343866	1498550	0	42	0	0	0.008322	0.006712	0.01608	0.019074	0.026562	0.048152	0.11318	0.313417	327255	72745	0	1.04E+11	1.04E+11	51682.77857	9.799221007	81.18799774
9500	9495.842	99.9565	399826	0	93588361	24333427	1498044	0	174	0	0	0.00881	0.007154	0.016953	0.020261	0.028873	0.050567	0.116869	0.316618	327145	72855	0	1.04E+11	1.04E+11	53692.50717	10.14621233	85.62318462
9600	9590.885	99.90525	399621	0	93547480	24322396	1497337	0	379	0	0	0.009186	0.007445	0.017689	0.021144	0.030253	0.051544	0.116637	0.319106	326984	73016	0	1.04E+11	1.04E+11	53236.60484	10.11273668	85.41931668
9700	9686.327	99.85925	399437	0	93484900	24310459	1496627	0	563	0	0	0.009737	0.007909	0.018725	0.022619	0.031913	0.053578	0.119489	0.341828	326828	73172	0	1.04E+11	1.04E+11	56387.9761	10.41309072	91.52217123
9800	9775.482	99.75	399000	0	93384930	24279325	1495041	0	1000	0	0	0.010323	0.008524	0.019757	0.02379	0.03282	0.054585	0.117844	0.324067	326486	73514	0	1.04E+11	1.04E+11	56278.26416	10.33291918	88.78071995
9900	9819.742	99.1895	396758	0	92825515	24138664	1486759	0	3242	0	0	0.012191	0.010489	0.023122	0.0275	0.036488	0.059227	0.119143	0.325803	324678	75322	0	1.04E+11	1.04E+11	55743.53626	10.3564833	89.74715866
10000	9892.956	98.92975	395719	0	92547770	24057652	1482777	0	4281	0	0	0.013221	0.011668	0.024413	0.028799	0.037332	0.059704	0.122447	0.342723	323787	76213	0	1.04E+11	1.04E+11	55265.92713	10.90151151	92.54089276
 	 	 	 	 	 	 	 	 	 	 	 	 	 	 	 	 	 	 	 	 	 	 	 	 	 	 	 
Perf	 	 	 	 	 	 	 	 	 	 	 	 	 	 	 	 	 	 	 	 	 	 	 	 	 	 	 
qps	active qps	succRate	NumSucc	TimedOutQueries	L0	L1	L2	Early	DropF	DropS	DropE	AvgSuccLatency	LSucc50	LSucc90	LSucc95	LSucc99	LSucc99.9	LSucc99.99	LSuccPeak	QryResults	QryNoResults	ETQ	WorkingSet	WorkingSetPeak	SSDReadsPerSec	SSDQueueLength	CPU Usage
2000	1999.999	100	400000	0	93628788	24345226	1498706	0	0	0	0	0.005541	0.004545	0.010429	0.012187	0.016092	0.029374	0.089736	0.193319	327299	72701	0	1.04E+11	1.04E+11	11730.46564	1.599235119	12.33568423
2000	1999.999	100	400000	0	93628779	24345227	1498707	0	0	0	0	0.005571	0.004592	0.010438	0.012183	0.016086	0.029472	0.087657	0.192045	327299	72701	0	1.04E+11	1.04E+11	11782.92734	1.621512354	12.349616
2000	1999.999	100	400000	0	93628799	24345227	1498707	0	0	0	0	0.005533	0.004546	0.010412	0.012148	0.016045	0.029305	0.088439	0.189893	327299	72701	0	1.04E+11	1.04E+11	11739.26219	1.603766035	12.31521361
AVG	1999.999	100	400000	0	93628789	24345227	1498707	0	0	0	0	0.005548	0.004561	0.010426	0.012173	0.016074	0.029384	0.088611	0.191752	327299	72701	0	1.04E+11	1.04E+11	11750.88506	1.60817117	12.33350461
qps	active qps	succRate	NumSucc	TimedOutQueries	L0	L1	L2	Early	DropF	DropS	DropE	AvgSuccLatency	LSucc50	LSucc90	LSucc95	LSucc99	LSucc99.9	LSucc99.99	LSuccPeak	QryResults	QryNoResults	ETQ	WorkingSet	WorkingSetPeak	SSDReadsPerSec	SSDQueueLength	CPU Usage
6000	5999.99	100	400000	0	93628782	24345231	1498707	0	0	0	0	0.005678	0.00467	0.010737	0.012582	0.01682	0.030923	0.090327	0.20166	327299	72701	0	1.04E+11	1.04E+11	34878.97333	5.484189647	38.41892609
6000	5999.993	100	400000	0	93628780	24345234	1498707	0	0	0	0	0.005692	0.004678	0.01077	0.012611	0.016929	0.030891	0.092169	0.201822	327299	72701	0	1.04E+11	1.04E+11	34427.92296	5.403932102	37.48498696
6000	5999.989	100	400000	0	93628760	24345225	1498707	0	0	0	0	0.005673	0.004666	0.010743	0.012582	0.016843	0.031045	0.091649	0.195167	327299	72701	0	1.04E+11	1.04E+11	34419.84228	5.529370967	38.07596071
AVG	5999.991	100	400000	0	93628774	24345230	1498707	0	0	0	0	0.005681	0.004671	0.01075	0.012592	0.016864	0.030953	0.091382	0.19955	327299	72701	0	1.04E+11	1.04E+11	34575.57952	5.472497572	37.99329125
qps	active qps	succRate	NumSucc	TimedOutQueries	L0	L1	L2	Early	DropF	DropS	DropE	AvgSuccLatency	LSucc50	LSucc90	LSucc95	LSucc99	LSucc99.9	LSucc99.99	LSuccPeak	QryResults	QryNoResults	ETQ	WorkingSet	WorkingSetPeak	SSDReadsPerSec	SSDQueueLength	CPU Usage
7000	6999.988	100	400000	0	93628753	24345225	1498705	0	0	0	0	0.00604	0.004932	0.01144	0.013491	0.018322	0.033404	0.098077	0.21427	327298	72702	0	1.04E+11	1.04E+11	40239.19779	6.522084752	47.59867576
7000	6999.993	100	400000	0	93628790	24345222	1498706	0	0	0	0	0.006018	0.004918	0.011395	0.013449	0.018224	0.033163	0.099199	0.220931	327298	72702	0	1.04E+11	1.04E+11	39381.03497	6.67748311	46.62025955
7000	6999.991	100	400000	0	93628757	24345221	1498706	0	0	0	0	0.006024	0.004919	0.011422	0.013474	0.018318	0.033394	0.096927	0.243536	327298	72702	0	1.04E+11	1.04E+11	39806.90192	6.557704297	48.24885391
AVG	6999.99	100	400000	0	93628767	24345223	1498706	0	0	0	0	0.006027	0.004923	0.011419	0.013471	0.018288	0.03332	0.098068	0.226246	327298	72702	0	1.04E+11	1.04E+11	39809.0449	6.585757386	47.48926307
qps	active qps	succRate	NumSucc	TimedOutQueries	L0	L1	L2	Early	DropF	DropS	DropE	AvgSuccLatency	LSucc50	LSucc90	LSucc95	LSucc99	LSucc99.9	LSucc99.99	LSuccPeak	QryResults	QryNoResults	ETQ	WorkingSet	WorkingSetPeak	SSDReadsPerSec	SSDQueueLength	CPU Usage
9700	9684.462	99.84	399360	0	93457867	24303371	1496265	0	640	0	0	0.009854	0.008035	0.018879	0.022757	0.031952	0.053556	0.116334	0.32551	326766	73234	0	1.04E+11	1.04E+11	54029.33727	10.53436811	89.37667645
9700	9671.245	99.70375	398815	0	93328476	24269511	1494349	0	1185	0	0	0.009889	0.008009	0.019099	0.023113	0.032766	0.053959	0.115372	0.341856	326328	73672	0	1.04E+11	1.04E+11	53813.04086	10.27971276	86.67278515
9700	9688.19	99.8785	399514	0	93494186	24310698	1496860	0	486	0	0	0.009649	0.007852	0.018526	0.022291	0.031395	0.053648	0.119814	0.316387	326884	73116	0	1.04E+11	1.04E+11	53492.75196	10.43807028	87.92588156
9700	9682.371	99.8185	399274	0	93447314	24301985	1496040	0	726	0	0	0.009785	0.007938	0.018862	0.022776	0.032157	0.05361	0.117528	0.317363	326706	73294	0	1.04E+11	1.04E+11	53703.66391	10.24764005	87.29810299
9700	9655.879	99.5455	398182	0	93192402	24233201	1492063	0	1818	0	0	0.010438	0.008471	0.020315	0.024826	0.034522	0.056409	0.119467	0.322986	325845	74155	0	1.04E+11	1.04E+11	54475.19895	10.03245168	88.9617211
AVG	9676.429	99.75725	399029	0	93384049	24283753	1495115	0	971	0	0	0.009923	0.008061	0.019136	0.023153	0.032558	0.054236	0.117703	0.32482	326505.8	73494.2	0	1.04E+11	1.04E+11	53902.79859	10.30644858	88.04703345
 	 	 	 	 	 	 	 	 	 	 	 	 	 	 	 	 	 	 	 	 	 	 	 	 	 	 	 
 	 	 	 	 	 	 	 	 	 	 	 	 	 	 	 	 	 	 	 	 	 	 	 	 	 	 	 
mpi_1115	 	 	 	 	 	 	 	 	 	 	 	 	 	 	 	 	 	 	 	 	 	 	 	 	 	 	 
Step Capacity	 	 	 	 	 	 	 	 	 	 	 	 	 	 	 	 	 	 	 	 	 	 	 	 	 	 	 
qps	active qps	succRate	NumSucc	TimedOutQueries	L0	L1	L2	Early	DropF	DropS	DropE	AvgSuccLatency	LSucc50	LSucc90	LSucc95	LSucc99	LSucc99.9	LSucc99.99	LSuccPeak	QryResults	QryNoResults	ETQ	WorkingSet	WorkingSetPeak	SSDReadsPerSec	SSDQueueLength	CPU Usage
9300	9299.964	100	400000	0	93628788	24345219	1498700	0	0	0	0	0.007076	0.005619	0.013815	0.01642	0.022652	0.042798	0.109436	0.324077	327293	72707	0	1.04E+11	1.04E+11	53435.93504	9.819783564	70.61836935
9500	9499.976	100	400000	0	93628780	24345221	1498700	0	0	0	0	0.007267	0.005782	0.01413	0.016846	0.023168	0.04411	0.108557	0.308348	327292	72708	0	1.04E+11	1.04E+11	54580.73614	10.05867373	77.36918029
9600	9599.976	100	400000	0	93628785	24345222	1498700	0	0	0	0	0.007344	0.00584	0.014317	0.01703	0.023628	0.044658	0.108579	0.302013	327292	72708	0	1.04E+11	1.04E+11	54524.08909	10.06147413	78.04769681
9700	9699.977	100	400000	0	93628813	24345221	1498700	0	0	0	0	0.007583	0.006058	0.014694	0.017534	0.023993	0.045289	0.110338	0.308871	327293	72707	0	1.04E+11	1.04E+11	56056.28302	10.37639979	77.84415628
9800	9796.62	99.96575	399863	0	93585959	24335992	1498176	0	137	0	0	0.007828	0.006246	0.015239	0.01808	0.025359	0.047327	0.110592	0.315693	327176	72824	0	1.04E+11	1.04E+11	56131.53057	10.4258861	81.00302346
9900	9899.535	99.9955	399982	0	93626094	24344075	1498630	0	18	0	0	0.008033	0.006464	0.015526	0.018435	0.025749	0.048689	0.113646	0.317322	327276	72724	0	1.04E+11	1.04E+11	56529.14473	10.80697786	80.90326889
10000	9997.446	99.97475	399899	0	93603606	24339008	1498307	0	101	0	0	0.008402	0.006845	0.016179	0.019248	0.026928	0.049784	0.112982	0.323734	327206	72794	0	1.04E+11	1.04E+11	56771.83492	10.90199402	86.27642803
10100	10090.89	99.91	399640	0	93530056	24321694	1497403	0	360	0	0	0.008889	0.007226	0.017058	0.020306	0.02846	0.052152	0.114312	0.329068	327001	72999	0	1.04E+11	1.04E+11	56640.14651	11.59212541	87.12388976
10200	10186.51	99.868	399472	0	93498540	24310834	1496725	0	528	0	0	0.009489	0.007877	0.017969	0.0213	0.029289	0.053134	0.119121	0.330794	326855	73145	0	1.04E+11	1.04E+11	57173.6097	11.16037452	88.34187362
10300	10258.65	99.59875	398395	0	93200333	24240515	1492743	0	1605	0	0	0.010623	0.009117	0.019776	0.02335	0.031894	0.056919	0.119078	0.357944	325989	74011	0	1.04E+11	1.04E+11	56570.08662	11.76540332	87.32117095
10400	10328.37	99.3115	397246	0	92932344	24165383	1488533	0	2754	0	0	0.011892	0.010752	0.021356	0.024963	0.033444	0.059451	0.122212	0.348666	325063	74937	0	1.04E+11	1.04E+11	58747.37851	11.77142049	93.12024033
10500	10375.9	98.81825	395273	0	92444610	24047474	1481278	0	4727	0	0	0.013106	0.012264	0.022709	0.026253	0.034482	0.061115	0.124951	0.355641	323463	76537	0	1.04E+11	1.04E+11	57379.05622	12.07962028	90.33321625
10600	10432.66	98.4215	393686	0	91994505	23930650	1475161	0	6314	0	0	0.014113	0.013304	0.02367	0.027165	0.035366	0.062327	0.125426	0.350731	322153	77847	0	1.04E+11	1.04E+11	58377.42711	12.23066646	90.79747528
 	 	 	 	 	 	 	 	 	 	 	 	 	 	 	 	 	 	 	 	 	 	 	 	 	 	 	 
10000	9997.774	99.978	399912	0	93605529	24340116	1498358	0	88	0	0	0.008244	0.006725	0.015917	0.018971	0.026433	0.049569	0.112928	0.401001	327220	72780	0	1.04E+11	1.04E+11	56823.1598	10.94062663	85.91549054
10100	10090.48	99.906	399624	0	93541416	24321919	1497312	0	376	0	0	0.009128	0.007499	0.017401	0.020742	0.02887	0.052267	0.113862	0.327751	326984	73016	0	1.04E+11	1.04E+11	58315.01431	11.11117022	88.70165393
10200	10180.27	99.80675	399227	0	93437542	24295763	1495816	0	773	0	0	0.009837	0.008237	0.018589	0.021975	0.030411	0.055185	0.117624	0.329583	326658	73342	0	1.04E+11	1.04E+11	58737.03795	11.28637602	87.15298717
10300	10254.87	99.562	398248	0	93186160	24228569	1492185	0	1752	0	0	0.01077	0.009306	0.019995	0.023545	0.032102	0.057255	0.124742	0.354086	325868	74132	0	1.04E+11	1.04E+11	58800.25633	11.65131473	92.4071443
10400	10335.13	99.3765	397506	0	93008465	24184636	1489288	0	2494	0	0	0.01165	0.010491	0.02104	0.024637	0.032907	0.059083	0.122281	0.329787	325236	74764	0	1.04E+11	1.04E+11	59382.23329	11.8591061	88.83352055
10500	10395.98	99.0095	396038	0	92685637	24097755	1483895	0	3962	0	0	0.012824	0.011892	0.022382	0.025927	0.033943	0.060074	0.125789	0.340055	324041	75959	0	1.04E+11	1.04E+11	59494.1468	12.00684867	94.30332064
 	 	 	 	 	 	 	 	 	 	 	 	 	 	 	 	 	 	 	 	 	 	 	 	 	 	 	 
Perf	 	 	 	 	 	 	 	 	 	 	 	 	 	 	 	 	 	 	 	 	 	 	 	 	 	 	 
qps	active qps	succRate	NumSucc	TimedOutQueries	L0	L1	L2	Early	DropF	DropS	DropE	AvgSuccLatency	LSucc50	LSucc90	LSucc95	LSucc99	LSucc99.9	LSucc99.99	LSuccPeak	QryResults	QryNoResults	ETQ	WorkingSet	WorkingSetPeak	SSDReadsPerSec	SSDQueueLength	CPU Usage
2000	1999.999	100	400000	0	93628767	24345226	1498708	0	0	0	0	0.005297	0.004342	0.010041	0.011786	0.015629	0.029136	0.088944	0.190318	327301	72699	0	1.04E+11	1.04E+11	11711.94693	1.617345533	11.47247312
2000	1999.999	100	400000	0	93628823	24345232	1498709	0	0	0	0	0.005273	0.004309	0.010017	0.011748	0.015592	0.029082	0.087021	0.190101	327301	72699	0	1.04E+11	1.04E+11	11719.12891	1.629601978	11.36096005
2000	1999.999	100	400000	0	93628803	24345236	1498709	0	0	0	0	0.00529	0.00433	0.010041	0.011798	0.015637	0.029385	0.088739	0.209613	327301	72699	0	1.04E+11	1.04E+11	11712.12863	1.638544343	11.48169449
AVG	1999.999	100	400000	0	93628798	24345231	1498709	0	0	0	0	0.005287	0.004327	0.010033	0.011777	0.015619	0.029201	0.088235	0.196677	327301	72699	0	1.04E+11	1.04E+11	11714.40149	1.628497284	11.43837589
qps	active qps	succRate	NumSucc	TimedOutQueries	L0	L1	L2	Early	DropF	DropS	DropE	AvgSuccLatency	LSucc50	LSucc90	LSucc95	LSucc99	LSucc99.9	LSucc99.99	LSuccPeak	QryResults	QryNoResults	ETQ	WorkingSet	WorkingSetPeak	SSDReadsPerSec	SSDQueueLength	CPU Usage
6000	5999.994	100	400000	0	93628791	24345227	1498706	0	0	0	0	0.005339	0.004342	0.010189	0.011984	0.016092	0.029925	0.089125	0.193626	327298	72702	0	1.04E+11	1.04E+11	34314.63724	5.395065768	34.54663116
6000	5999.994	100	400000	0	93628762	24345223	1498706	0	0	0	0	0.005344	0.004346	0.010191	0.011982	0.016094	0.030257	0.088334	0.223855	327299	72701	0	1.04E+11	1.04E+11	33976.75878	5.521969002	34.46344255
6000	5999.99	100	400000	0	93628817	24345235	1498708	0	0	0	0	0.005323	0.004333	0.010174	0.011955	0.016032	0.029939	0.088109	0.197381	327300	72700	0	1.04E+11	1.04E+11	33759.21559	5.49527184	34.17384853
AVG	5999.992	100	400000	0	93628790	24345228	1498707	0	0	0	0	0.005335	0.00434	0.010185	0.011974	0.016073	0.03004	0.088523	0.204954	327299	72701	0	1.04E+11	1.04E+11	34016.87053	5.47076887	34.39464074
qps	active qps	succRate	NumSucc	TimedOutQueries	L0	L1	L2	Early	DropF	DropS	DropE	AvgSuccLatency	LSucc50	LSucc90	LSucc95	LSucc99	LSucc99.9	LSucc99.99	LSuccPeak	QryResults	QryNoResults	ETQ	WorkingSet	WorkingSetPeak	SSDReadsPerSec	SSDQueueLength	CPU Usage
7000	6999.992	100	400000	0	93628805	24345238	1498706	0	0	0	0	0.005533	0.004479	0.010552	0.012468	0.017017	0.031874	0.093241	0.205917	327298	72702	0	1.04E+11	1.04E+11	40596.23234	6.739489611	41.34537525
7000	6999.99	100	400000	0	93628798	24345226	1498705	0	0	0	0	0.005514	0.004472	0.010514	0.012424	0.01683	0.031339	0.097413	0.209144	327297	72703	0	1.04E+11	1.04E+11	40608.52651	6.672286609	42.59392089
7000	6999.986	100	400000	0	93628838	24345225	1498707	0	0	0	0	0.005508	0.004463	0.010516	0.012426	0.016947	0.031505	0.091156	0.22001	327299	72701	0	1.04E+11	1.04E+11	40261.35251	6.599865206	42.10171254
AVG	6999.989	100	400000	0	93628814	24345230	1498706	0	0	0	0	0.005518	0.004471	0.010527	0.012439	0.016931	0.031573	0.093937	0.21169	327298	72702	0	1.04E+11	1.04E+11	40488.70378	6.670547142	42.01366956
qps	active qps	succRate	NumSucc	TimedOutQueries	L0	L1	L2	Early	DropF	DropS	DropE	AvgSuccLatency	LSucc50	LSucc90	LSucc95	LSucc99	LSucc99.9	LSucc99.99	LSuccPeak	QryResults	QryNoResults	ETQ	WorkingSet	WorkingSetPeak	SSDReadsPerSec	SSDQueueLength	CPU Usage
10200	10183.79	99.84125	399365	0	93459717	24304044	1496357	0	635	0	0	0.009665	0.008045	0.018327	0.021651	0.029938	0.054412	0.119331	0.331696	326774	73226	0	1.04E+11	1.04E+11	58481.19173	11.49675477	86.49929883
10200	10186.02	99.86325	399453	0	93488972	24305797	1496635	0	547	0	0	0.009482	0.007845	0.017986	0.021346	0.029564	0.053778	0.118147	0.344543	326847	73153	0	1.04E+11	1.04E+11	58513.0656	11.23018801	89.7754925
10200	10183.94	99.84275	399371	0	93492420	24311407	1496306	0	629	0	0	0.009696	0.008117	0.018371	0.021671	0.029808	0.053631	0.119105	0.329866	326765	73235	0	1.04E+11	1.04E+11	56501.59657	11.40553499	86.24796191
AVG	10184.58	99.849083	399396.3	0	93480370	24307083	1496433	0	603.6667	0	0	0.009614	0.008002	0.018228	0.021556	0.02977	0.05394	0.118861	0.335368	326795.3	73204.67	0	1.04E+11	1.04E+11	57831.9513	11.37749259	87.50758441
 	 	 	 	 	 	 	 	 	 	 	 	 	 	 	 	 	 	 	 	 	 	 	 	 	 	 	 
mpi_1115_2shards	 	 	 	 	 	 	 	 	 	 	 	 	 	 	 	 	 	 	 	 	 	 	 	 	 	 	 
Step Capacity	 	 	 	 	 	 	 	 	 	 	 	 	 	 	 	 	 	 	 	 	 	 	 	 	 	 	 
qps	active qps	succRate	NumSucc	TimedOutQueries	L0	L1	L2	Early	DropF	DropS	DropE	AvgSuccLatency	LSucc50	LSucc90	LSucc95	LSucc99	LSucc99.9	LSucc99.99	LSuccPeak	QryResults	QryNoResults	ETQ	WorkingSet	WorkingSetPeak	SSDReadsPerSec	SSDQueueLength	CPU Usage
6000	5993.359	99.8895	399558	0	1.46E+08	39816953	1506337	0	442	0	0	0.006971	0.005566	0.013263	0.016149	0.022299	0.037415	0.100719	0.167513	326242	73758	0	1.04E+11	1.04E+11	57832.48149	9.786171944	79.14958415
6100	6089.933	99.83525	399341	0	1.46E+08	39795546	1505502	0	659	0	0	0.007074	0.005666	0.01345	0.016336	0.022603	0.037929	0.101473	0.176816	326059	73941	0	1.04E+11	1.04E+11	56919.74327	10.07498624	78.95978027
6200	6176.801	99.626	398504	0	1.46E+08	39715523	1502465	0	1496	0	0	0.007414	0.005998	0.014004	0.016993	0.023416	0.039042	0.101949	0.171499	325408	74592	0	1.04E+11	1.04E+11	58132.25578	10.4197489	83.16272624
6300	6265.295	99.44925	397797	0	1.46E+08	39632645	1499625	0	2203	0	0	0.007598	0.006194	0.01427	0.017286	0.023803	0.040356	0.102014	0.183478	324789	75211	0	1.04E+11	1.04E+11	59971.85409	10.51023835	84.5833493
6400	6335.701	98.9955	395982	0	1.45E+08	39433067	1493159	0	4018	0	0	0.007879	0.006478	0.014677	0.017733	0.024514	0.041619	0.102881	0.175767	323368	76632	0	1.04E+11	1.04E+11	59017.44233	10.75623807	85.64144503
6500	6412.597	98.6555	394622	0	1.44E+08	39298741	1487594	0	5378	0	0	0.008125	0.006847	0.015002	0.018114	0.024876	0.042579	0.101839	0.175701	322194	77806	0	1.04E+11	1.04E+11	61591.8004	11.46517818	87.6820808
6600	6479.591	98.17575	392703	0	1.44E+08	39089477	1480591	0	7297	0	0	0.008321	0.007	0.015266	0.018373	0.025292	0.042894	0.102958	0.175068	320656	79344	0	1.04E+11	1.04E+11	62205.59971	11.2066899	89.77709586
6700	3511.431	52.4095	209638	172546	75985389	20761497	787733	0	17816	0	0	0.009969	0.008571	0.017799	0.021503	0.029616	0.049144	0.104576	0.171627	170510	229490	0	1.04E+11	1.04E+11	33266.48156	5.358811404	93.34655265
6800	6553.742	96.37875	385515	0	1.41E+08	38367910	1453614	0	14485	0	0	0.008969	0.007663	0.016077	0.019213	0.026369	0.045045	0.103876	0.174812	314806	85194	0	1.04E+11	1.04E+11	62466.89911	11.36253495	92.77807202
6900	6587.28	95.468	381872	0	1.39E+08	37965076	1439810	0	18128	0	0	0.009215	0.007907	0.016342	0.019519	0.026969	0.045589	0.103865	0.18201	311837	88163	0	1.04E+11	1.04E+11	63367.31916	11.59869631	94.15294689
7000	6592.955	94.18525	376741	0	1.37E+08	37470123	1420446	0	23259	0	0	0.009513	0.008216	0.016662	0.019857	0.027141	0.046157	0.103494	0.177509	307617	92383	0	1.04E+11	1.04E+11	62080.9905	11.95139542	92.03291608
7100	6615.878	93.1815	372726	0	1.35E+08	36928386	1405421	0	27274	0	0	0.009686	0.008383	0.016849	0.020057	0.02753	0.046931	0.105154	0.183135	304360	95640	0	1.04E+11	1.04E+11	64100.01521	11.84980224	93.07787866
 	 	 	 	 	 	 	 	 	 	 	 	 	 	 	 	 	 	 	 	 	 	 	 	 	 	 	 
7200	6610.939	91.81875	367275	0	1.33E+08	36423401	1385029	0	32725	0	0	0.009932	0.008646	0.017114	0.020388	0.027755	0.047326	0.105472	0.206363	299940	100060	0	1.04E+11	1.04E+11	63107.58167	11.70174972	96.18631924
7300	6579.609	90.13175	360527	0	1.31E+08	35727344	1360107	0	39473	0	0	0.010212	0.009003	0.017466	0.020618	0.028198	0.048774	0.104455	0.183966	294479	105521	0	1.04E+11	1.04E+11	61688.84868	11.883308	92.57242066
7400	3087.886	41.72825	166913	189522	59476514	16335772	626806	0	43565	0	0	0.012156	0.010691	0.020255	0.023968	0.033842	0.064201	0.113568	0.192538	135741	264259	0	9.43E+10	1.04E+11	29641.96907	4.389273516	88.2777651
7500	6576.741	87.69	350760	0	1.27E+08	34757858	1323511	0	49240	0	0	0.010486	0.009234	0.017655	0.020871	0.028467	0.049218	0.106069	0.179471	286592	113408	0	1.04E+11	1.04E+11	62560.83648	11.69870662	92.92909914
7600	4588.531	60.3755	241502	107268	86663450	23780324	909275	0	51230	0	0	0.011258	0.009845	0.01889	0.022454	0.031161	0.058209	0.1066	0.204572	196898	203102	0	1.04E+11	1.04E+11	44298.62584	7.668629678	93.11982522
7700	6591.268	85.601	342404	0	1.23E+08	33778081	1291118	0	57596	0	0	0.0106	0.00928	0.017771	0.021027	0.028806	0.049378	0.106328	0.179777	279606	120394	0	1.04E+11	1.04E+11	61873.14692	11.97215509	93.57491775
7800	6577.36	84.32525	337301	0	1.21E+08	33286719	1272202	0	62699	0	0	0.010715	0.009381	0.017878	0.021198	0.029014	0.049602	0.106347	0.18551	275447	124553	0	1.04E+11	1.04E+11	61437.85598	11.31009022	93.27116188
7900	6574.446	83.221	332884	0	1.2E+08	32858406	1255723	0	67116	0	0	0.010794	0.00945	0.017961	0.021269	0.029066	0.04965	0.105669	0.176734	271941	128059	0	1.04E+11	1.04E+11	62151.14163	11.51328011	95.99947564
8000	3447.856	43.09825	172393	167229	61041947	16783884	646637	0	60378	0	0	0.012268	0.010846	0.020348	0.024158	0.03376	0.0622	0.105163	0.198611	139991	260009	0	1.04E+11	1.04E+11	33022.79142	5.331376538	93.0506348
 	 	 	 	 	 	 	 	 	 	 	 	 	 	 	 	 	 	 	 	 	 	 	 	 	 	 	 
Perf	 	 	 	 	 	 	 	 	 	 	 	 	 	 	 	 	 	 	 	 	 	 	 	 	 	 	 
qps	active qps	succRate	NumSucc	TimedOutQueries	L0	L1	L2	Early	DropF	DropS	DropE	AvgSuccLatency	LSucc50	LSucc90	LSucc95	LSucc99	LSucc99.9	LSucc99.99	LSuccPeak	QryResults	QryNoResults	ETQ	WorkingSet	WorkingSetPeak	SSDReadsPerSec	SSDQueueLength	CPU Usage
2000	1999.999	100	400000	0	1.46E+08	39868678	1507969	0	0	0	0	0.004951	0.004043	0.009035	0.01096	0.014815	0.024423	0.066354	0.111032	326608	73392	0	1.04E+11	1.04E+11	18672.50235	2.483643774	18.45023919
2000	1999.999	100	400000	0	1.46E+08	39868682	1507968	0	0	0	0	0.004947	0.004031	0.009045	0.010971	0.014875	0.024369	0.066319	0.112341	326608	73392	0	1.04E+11	1.04E+11	18684.33864	2.490549468	18.53345593
2000	1999.999	100	400000	0	1.46E+08	39868682	1507968	0	0	0	0	0.004959	0.004044	0.009062	0.01099	0.014861	0.024397	0.064527	0.11459	326608	73392	0	1.04E+11	1.04E+11	18671.99209	2.473066073	18.54070129
AVG	1999.999	100	400000	0	1.46E+08	39868681	1507968	0	0	0	0	0.004952	0.004039	0.009047	0.010974	0.01485	0.024396	0.065733	0.112654	326608	73392	0	1.04E+11	1.04E+11	18676.2777	2.482419772	18.50813214
qps	active qps	succRate	NumSucc	TimedOutQueries	L0	L1	L2	Early	DropF	DropS	DropE	AvgSuccLatency	LSucc50	LSucc90	LSucc95	LSucc99	LSucc99.9	LSucc99.99	LSuccPeak	QryResults	QryNoResults	ETQ	WorkingSet	WorkingSetPeak	SSDReadsPerSec	SSDQueueLength	CPU Usage
6000	5545.716	92.42875	369715	28699	1.35E+08	36778141	1393262	0	1586	0	0	0.00712	0.005676	0.013538	0.016501	0.023186	0.038846	0.098681	0.168886	301746	98254	0	1.04E+11	1.04E+11	52135.95378	9.029026517	77.69191311
6000	5995.314	99.922	399688	0	1.46E+08	39830000	1506773	0	312	0	0	0.006927	0.005527	0.013176	0.016054	0.022196	0.037146	0.099	0.167453	326340	73660	0	1.04E+11	1.04E+11	56307.25583	9.821939728	76.98945254
6000	3362.364	56.0395	224158	171327	81902112	22334135	842740	0	4514	1	0	0.008242	0.006517	0.015324	0.018616	0.026284	0.045437	0.115103	3.270462	182522	217478	0	8.5E+10	1.04E+11	32442.27484	4.844984815	80.16079286
AVG	4967.798	82.79675	331187	66675.33	1.21E+08	32980759	1247592	0	2137.333	0.333333	0	0.00743	0.005907	0.014013	0.017057	0.023889	0.040476	0.104261	1.202267	270202.7	129797.3	0	9.78E+10	1.04E+11	46961.82815	7.898650353	78.2807195
